m : Dual
p : [74, 41, 103, 55, 75, 79, 100, 105]
t : 1.15
o : 12218.980000000001

m : CuttingPlanes
p : [74, 66, 38, 4, 90, 44, 59, 105]
t : 60.38
o : 12218.980000000001

m : CuttingPlanes
p : [74, 41, 82, 104, 16, 79, 59, 105]
t : 323.83
o : 12218.980000000001

