m : Dual
p : [134, 98, 78, 68, 101, 32, 9, 7, 119, 39, 120, 140]
t : 0.77
o : 33079.159999999996

m : CuttingPlanes
p : [134, 98, 78, 97, 44, 64, 87, 38, 60, 54, 120, 140]
t : 301.03
o : 33079.159999999996

m : RobustDijkstra
p : [134, 98, 55, 47, 44, 12, 9, 7, 15, 39, 120, 140]
t : 0.0
o : 33079.159999999996

