m : Dual
p : [74, 121, 82, 123, 115, 124, 59, 105, 159]
t : 2.96
o : 13395.740000000002

m : CuttingPlanes
p : [74, 66, 51, 123, 142, 79, 59, 105, 159]
t : 337.58
o : 13395.740000000002

