m : Dual
p : [120, 39, 61, 113, 1, 2, 143, 91, 110, 154]
t : 3.43
o : 31661.079999999998

m : CuttingPlanes
p : [120, 39, 61, 53, 112, 131, 27, 133, 110, 154]
t : 300.69
o : 31661.079999999998

m : RobustDijkstra
p : [120, 54, 15, 7, 16, 68, 55, 123, 142, 154]
t : 0.0
o : 32640.04

