m : Dual
p : [1456, 1407, 826, 1303, 1225, 502, 490, 671, 902, 861, 1212, 1243, 424, 330, 510, 1213, 1457, 1424, 1363, 1486, 1153, 1572, 1627]
t : 658.59
o : 70557.79000000001

m : RobustDijkstra
p : [1456, 1545, 1161, 1459, 1225, 502, 938, 503, 562, 457, 1674, 424, 330, 1244, 1213, 1457, 1424, 1265, 1402, 1451, 1379, 1627]
t : 0.74
o : 70599.73

m : DualRelax
p : []
t : 139.93
o : 60029.55283560082

