m : Dual
p : [74, 152, 25, 30, 75, 44, 59, 138, 159]
t : 2.44
o : 13395.740000000002

m : CuttingPlanes
p : [74, 89, 151, 163, 175, 79, 100, 105, 159]
t : 300.67
o : 13395.740000000002

