m : Dual
p : [120, 54, 42, 51, 157, 161, 156, 73, 141, 65, 179, 91, 142, 154]
t : 1.24
o : 30750.739999999998

m : CuttingPlanes
p : [120, 122, 29, 138, 157, 161, 89, 26, 19, 33, 74, 91, 163, 154]
t : 301.4
o : 30750.739999999998

