m : Dual
p : [88, 473, 1560, 1367, 1032, 182, 1480, 1999, 972, 627, 209, 269, 554, 1754, 1700, 1753, 1773, 1888, 1873, 1887]
t : 673.14
o : 49019.130000000005

m : RobustDijkstra
p : [88, 1622, 331, 1007, 521, 1335, 141, 448, 1079, 61, 1538, 311, 1297, 1912, 1300, 1916, 1871, 1887]
t : 1.02
o : 50172.479999999996

