m : Dual
p : [88, 473, 1560, 1367, 1032, 182, 1480, 1999, 972, 627, 209, 269, 554, 1754, 1700, 1753, 1773, 1888, 1873, 1887]
t : 673.14
o : 49019.130000000005

m : CuttingPlanes
p : [88, 1808, 471, 1885, 1419, 1114, 2000, 1059, 1803, 61, 209, 532, 1870, 1733, 1636, 1823, 1871, 1887]
t : 300.35
o : 50172.479999999996

