m : Dual
p : [74, 89, 51, 11, 115, 124, 193, 164, 159]
t : 5.67
o : 13395.740000000002

m : CuttingPlanes
p : [74, 41, 178, 19, 142, 44, 131, 189, 159]
t : 300.54
o : 13395.740000000002

