m : Dual
p : [88, 2195, 213, 661, 205, 900, 2269, 1659, 1385, 2206, 292, 2016, 580, 2256, 1997, 2216, 2299, 2272]
t : 654.86
o : 50172.479999999996

m : RobustDijkstra
p : [88, 238, 471, 536, 904, 248, 775, 181, 184, 1330, 1669, 946, 1882, 2256, 1410, 2216, 2299, 2272]
t : 1.69
o : 50172.479999999996

