m : Dual
p : [159, 164, 184, 136, 133, 92, 172, 199, 127, 224]
t : 3.67
o : 19247.969999999998

m : CuttingPlanes
p : [159, 138, 84, 191, 133, 92, 77, 118, 222, 224]
t : 300.25
o : 19247.969999999998

m : RobustDijkstra
p : [159, 105, 84, 136, 86, 92, 32, 118, 127, 224]
t : 0.0
o : 19247.969999999998

