m : Dual
p : [242, 133, 118, 79, 301, 2, 33, 26, 108, 336, 199, 75, 345, 145, 137, 291, 350, 349]
t : 3.54
o : 41712.369999999995

m : CuttingPlanes
p : [242, 227, 210, 226, 197, 198, 188, 272, 345, 205, 254, 248, 350, 349]
t : 303.51
o : 42498.06

m : RobustDijkstra
p : [242, 133, 118, 54, 44, 16, 60, 141, 258, 271, 248, 270, 349]
t : 0.01
o : 45262.89

m : DualRelax
p : []
t : 1.27
o : 35750.667499999996

