m : Dual
p : [83, 84, 45, 65, 360, 12, 31, 1, 239, 25, 113, 192, 161, 260, 389]
t : 5.25
o : 39224.0

m : RobustDijkstra
p : [83, 60, 45, 12, 2, 1, 4, 25, 113, 192, 161, 260, 389]
t : 0.02
o : 40704.479999999996

m : DualRelax
p : []
t : 1.69
o : 32048.91483870968

