m : Dual
p : [83, 60, 45, 130, 46, 283, 31, 8, 20, 25, 317, 261, 161, 260, 389]
t : 8.97
o : 39224.0

m : RobustDijkstra
p : [83, 60, 45, 12, 2, 1, 4, 25, 113, 192, 161, 260, 389]
t : 0.02
o : 40704.479999999996

m : DualRelax
p : []
t : 2.43
o : 31930.79769633508

