m : Dual
p : [83, 60, 45, 65, 360, 86, 2, 1, 20, 25, 222, 301, 211, 260, 389]
t : 9.34
o : 39224.0

m : CuttingPlanes
p : [83, 167, 185, 70, 6, 370, 199, 336, 222, 192, 281, 260, 389]
t : 301.51
o : 39911.200000000004

m : RobustDijkstra
p : [83, 60, 45, 12, 2, 1, 4, 25, 113, 192, 161, 260, 389]
t : 0.02
o : 40704.479999999996

