m : Dual
p : [413, 310, 304, 66, 399, 200, 425, 172, 285, 408, 276, 287, 373, 537]
t : 93.88
o : 22317.239999999998

m : CuttingPlanes
p : [413, 426, 471, 89, 520, 192, 517, 417, 407, 329, 418, 381, 512, 537]
t : 304.31

m : RobustDijkstra
p : [413, 310, 74, 21, 3, 1, 6, 32, 92, 86, 136, 287, 373, 537]
t : 0.0
o : 22317.239999999998

m : DualRelax
p : []
t : 3.46
o : 19096.810952380947

