m : Dual
p : [413, 310, 304, 66, 399, 200, 425, 172, 285, 408, 276, 287, 373, 537]
t : 93.88
o : 22317.239999999998

m : CuttingPlanes
p : [413, 426, 471, 89, 520, 192, 517, 417, 407, 329, 418, 381, 512, 537]
t : 304.31
o : 22317.239999999998

