m : Dual
p : [39, 15, 17, 46, 47, 44, 56]
t : 0.14
o : 31775.839999999997

m : CuttingPlanes
p : [39, 15, 48, 16, 47, 59, 56]
t : 9.44
o : 31775.839999999997

m : CuttingPlanes
p : [39, 15, 48, 16, 47, 59, 56]
t : 9.87
o : 31775.839999999997

