m : Dual
p : [53, 52, 56, 58, 51, 44, 17, 42, 27, 60]
t : 0.12
o : 23914.229999999996

m : CuttingPlanes
p : [53, 30, 56, 58, 51, 15, 33, 28, 27, 60]
t : 9.5
o : 23914.229999999996

m : CuttingPlanes
p : [53, 52, 56, 58, 51, 44, 43, 42, 27, 60]
t : 1.61
o : 23914.229999999996

m : CuttingPlanes
p : [53, 52, 56, 58, 51, 44, 43, 42, 27, 60]
t : 1.43
o : 23914.229999999996

