m : Dual
p : [83, 60, 45, 65, 581, 283, 2, 1, 239, 223, 113, 301, 161, 260, 389]
t : 14.17
o : 39224.0

m : CuttingPlanes
p : [83, 60, 311, 218, 16, 509, 539, 89, 317, 301, 161, 601, 389]
t : 304.54

m : RobustDijkstra
p : [83, 60, 45, 12, 2, 1, 4, 25, 113, 192, 161, 260, 389]
t : 0.04
o : 40704.479999999996

m : DualRelax
p : []
t : 5.03
o : 31617.575154916933

