m : Dual
p : [83, 60, 649, 65, 85, 12, 10, 1, 20, 134, 222, 261, 346, 260, 389]
t : 28.22
o : 39224.0

m : RobustDijkstra
p : [83, 60, 45, 12, 2, 1, 4, 25, 113, 192, 161, 260, 389]
t : 0.04
o : 40704.479999999996

m : DualRelax
p : []
t : 6.08
o : 31525.74628724216

