m : Dual
p : [664, 534, 514, 615, 372, 109, 224, 540, 531, 493, 355, 209, 105, 506, 551, 466, 695, 677]
t : 12.88
o : 46226.95

m : RobustDijkstra
p : [664, 534, 279, 250, 109, 224, 358, 393, 287, 136, 84, 105, 160, 269, 466, 524, 677]
t : 0.0
o : 48015.31999999999

m : DualRelax
p : []
t : 5.98
o : 39949.018029602215

