m : Dual
p : [664, 669, 630, 644, 119, 109, 339, 433, 531, 287, 611, 546, 448, 703, 733, 728, 600, 677]
t : 21.32
o : 46226.95

m : CuttingPlanes
p : [664, 534, 480, 518, 431, 570, 358, 531, 493, 476, 698, 705, 562, 599, 674, 600, 677]
t : 305.36
o : 48015.31999999999

m : RobustDijkstra
p : [664, 534, 279, 250, 109, 224, 358, 393, 287, 136, 84, 105, 160, 269, 466, 524, 677]
t : 0.01
o : 48015.31999999999

m : DualRelax
p : []
t : 5.98
o : 39785.37482429267

