m : Dual
p : [588, 642, 587, 120, 60, 764, 570, 540, 531, 747, 476, 777, 479, 682, 766]
t : 69.31
o : 40198.44

m : CuttingPlanes
p : [588, 382, 575, 267, 119, 371, 535, 540, 531, 287, 355, 363, 479, 748, 766]
t : 304.93
o : 40441.96000000001

m : RobustDijkstra
p : [588, 567, 278, 120, 60, 109, 224, 358, 393, 287, 136, 286, 479, 682, 766]
t : 0.0
o : 40198.44

m : DualRelax
p : []
t : 8.08
o : 35698.9701437857

