m : Dual
p : [59, 44, 10, 42, 38, 41, 74]
t : 0.27
o : 10857.060000000001

m : CuttingPlanes
p : [59, 44, 48, 4, 51, 66, 74]
t : 60.48
o : 10857.060000000001

m : CuttingPlanes
p : [59, 44, 48, 30, 25, 66, 74]
t : 26.68
o : 10857.060000000001

m : CuttingPlanes
p : [59, 44, 48, 30, 25, 66, 74]
t : 31.58
o : 10857.060000000001

