m : Dual
p : [39, 15, 7, 66, 47, 44, 56]
t : 0.3
o : 31775.839999999997

m : CuttingPlanes
p : [39, 15, 11, 66, 47, 55, 24, 56]
t : 60.13
o : 32494.04

m : CuttingPlanes
p : [39, 15, 7, 46, 68, 59, 56]
t : 115.25
o : 31775.839999999997

