m : Dual
p : [213, 613, 407, 70, 68, 9, 56, 643, 65, 159, 493, 724, 576, 666]
t : 26.46
o : 29672.76

m : CuttingPlanes
p : [213, 700, 771, 779, 644, 546, 433, 753, 594, 368, 711, 618, 576, 666]
t : 301.49
o : 29904.820000000003

m : RobustDijkstra
p : [213, 188, 162, 70, 50, 15, 6, 1, 4, 27, 117, 319, 576, 666]
t : 0.0
o : 29904.820000000003

m : DualRelax
p : []
t : 8.8
o : 24625.22

