m : Dual
p : [659, 656, 578, 628, 225, 115, 224, 317, 595, 424, 516, 165, 328, 454, 698, 786]
t : 78.29
o : 42201.06

m : CuttingPlanes
p : [659, 788, 530, 355, 475, 198, 681, 456, 331, 424, 330, 720, 783, 454, 754, 786]
t : 300.58
o : 42706.96000000001

m : RobustDijkstra
p : [659, 656, 488, 233, 113, 60, 112, 218, 331, 424, 330, 165, 328, 454, 698, 786]
t : 0.0
o : 42201.06

m : DualRelax
p : []
t : 12.63
o : 38165.395003294005

