m : Dual
p : [820, 659, 878, 488, 233, 348, 216, 205, 218, 850, 424, 731, 231, 162, 177, 737, 843, 694, 854]
t : 41.71
o : 54240.21

m : CuttingPlanes
p : [820, 616, 541, 897, 883, 333, 848, 329, 927, 915, 875, 516, 782, 736, 359, 737, 679, 845, 854]
t : 309.95
o : 54542.020000000004

m : RobustDijkstra
p : [820, 616, 541, 332, 217, 207, 60, 112, 218, 331, 424, 330, 165, 109, 140, 239, 351, 432, 694, 854]
t : 0.01
o : 54274.17

m : DualRelax
p : []
t : 11.38
o : 47351.546872372266

